MEMORY
  total            14.7 MB
  struct          159.0 KB
  buffer          552.3 KB
  arena            14.0 MB, used 0.2%

SIZES
  narena                14680064
  nbuffer               565552
  nplugin               0
  maxuse_stack          5288
  maxuse_arena          29800
  maxuse_con            0
  maxuse_efc            6
  ncon                  0
  ne                    2
  nf                    4
  nl                    0
  nefc                  6
  nJ                    96
  nA                    0
  nisland               0
  threadpool            0

TIMER
    0:  duration =  0.03       number = 1
    1:  duration =  0.029      number = 1
    2:  duration =  0          number = 0
    3:  duration =  0.026      number = 1
    4:  duration =  0.0011     number = 1
    5:  duration =  0.00027    number = 1
    6:  duration =  0.0019     number = 1
    7:  duration =  0.00044    number = 1
    8:  duration =  0.0028     number = 1
    9:  duration =  0.00067    number = 2
    10:  duration =  0.021      number = 1
    11:  duration =  0.00089    number = 1
    12:  duration =  3e-05      number = 1
    13:  duration =  0.002      number = 1
    14:  duration =  0.013      number = 1

SOLVER STAT
  solver_fwdinv =   0         0       
ENERGY =   0         0       

TIME =  65      

QPOS
  -5.6e-22 
  -0.96    
   1.2     
  -0.00034 
  -0.27    
   6.7e-05 
   0.0084  
   0.0084  
  -4.1e-23 
  -0.96    
   1.2     
  -0.00034 
  -0.27    
   6.7e-05 
   0.0084  
   0.0084  

QVEL
  -2.8e-20 
   2.8e-14 
   4.7e-14 
   1e-17   
   1.4e-14 
  -2.7e-18 
  -4.2e-16 
  -4.1e-16 
   9.8e-20 
   2.8e-14 
   4.7e-14 
   9.8e-18 
   1.4e-14 
  -2.3e-18 
  -4.2e-16 
  -4e-16   

QACC_WARMSTART
   1.4e-16 
  -1.4e-20 
  -4.8e-21 
  -6.8e-18 
  -2.7e-19 
   2.5e-16 
   1.6e-15 
   1.2e-15 
   1.2e-16 
  -1.2e-20 
  -5e-21   
  -5.2e-18 
  -2.3e-19 
   9e-17   
   1.4e-15 
   9.9e-16 

CTRL
   0       
  -0.96    
   1.2     
   0       
  -0.3     
   0       
   0.0084  
   0       
  -0.96    
   1.2     
   0       
  -0.3     
   0       
   0.0084  

QFRC_APPLIED
   0       
   0       
   0       
   0       
   0       
   0       
   0       
   0       
   0       
   0       
   0       
   0       
   0       
   0       
   0       
   0       

XFRC_APPLIED
   0         0         0         0         0         0       
   0         0         0         0         0         0       
   0         0         0         0         0         0       
   0         0         0         0         0         0       
   0         0         0         0         0         0       
   0         0         0         0         0         0       
   0         0         0         0         0         0       
   0         0         0         0         0         0       
   0         0         0         0         0         0       
   0         0         0         0         0         0       
   0         0         0         0         0         0       
   0         0         0         0         0         0       
   0         0         0         0         0         0       
   0         0         0         0         0         0       
   0         0         0         0         0         0       
   0         0         0         0         0         0       
   0         0         0         0         0         0       
   0         0         0         0         0         0       
   0         0         0         0         0         0       
   0         0         0         0         0         0       
   0         0         0         0         0         0       

EQ_ACTIVE             1 1

QACC
   1.4e-16 
  -1.4e-20 
  -4.8e-21 
  -6.8e-18 
  -2.7e-19 
   2.5e-16 
   1.6e-15 
   1.2e-15 
   1.2e-16 
  -1.2e-20 
  -5e-21   
  -5.2e-18 
  -2.3e-19 
   9e-17   
   1.4e-15 
   9.9e-16 

XPOS
   0         0         0       
  -0.47     -0.019     0.02    
  -0.47     -0.019     0.099   
  -0.47     -0.019     0.15    
  -0.68     -0.019     0.37    
  -0.49     -0.019     0.32    
  -0.39     -0.019     0.3     
  -0.32     -0.019     0.31    
  -0.28     -0.019     0.31    
  -0.26     -0.046     0.32    
  -0.26      0.0085    0.32    
   0.47     -0.019     0.02    
   0.47     -0.019     0.099   
   0.47     -0.019     0.15    
   0.68     -0.019     0.37    
   0.49     -0.019     0.32    
   0.39     -0.019     0.3     
   0.32     -0.019     0.31    
   0.28     -0.019     0.31    
   0.26      0.0085    0.32    
   0.26     -0.047     0.32    

XQUAT
   1         0         0         0       
   1         0         0         0       
   1         0         0        -2.5e-22 
   0.89     -1.2e-22  -0.46     -2.3e-22 
   0.99      2.8e-23   0.11     -2.5e-22 
   0.99     -0.00017   0.11      1.9e-05 
   1        -0.00016  -0.026     4.2e-05 
   1        -0.00013  -0.026     4.2e-05 
   0.51     -0.49      0.49     -0.51    
   0.51     -0.51      0.49      0.49    
   0.51      0.51      0.49     -0.49    
   0         0         0         1       
   1.2e-22   0         0         1       
   1.1e-22   0.46     -5.5e-23   0.89    
   1.2e-22  -0.11      1.3e-23   0.99    
  -1.9e-05  -0.11     -0.00017   0.99    
  -4.2e-05   0.026    -0.00016   1       
  -4.2e-05   0.026    -0.00013   1       
   0.51     -0.49     -0.49      0.51    
  -0.49     -0.49     -0.51      0.51    
   0.49     -0.49      0.51      0.51    

XMAT
   1         0         0         0         1         0         0         0         1       
   1         0         0         0         1         0         0         0         1       
   1         5.1e-22   0        -5.1e-22   1        -0        -0         0         1       
   0.57      5.1e-22  -0.82     -2.9e-22   1         4.2e-22   0.82      0         0.57    
   0.98      5.1e-22   0.22     -5e-22     1        -1.1e-22  -0.22      0         0.98    
   0.98     -7.5e-05   0.22      0         1         0.00034  -0.22     -0.00033   0.98    
   1        -7.5e-05  -0.051     9.2e-05   1         0.00033   0.051    -0.00033   1       
   1        -7.8e-05  -0.051     9.2e-05   1         0.00026   0.051    -0.00026   1       
   0.00012   0.052     1        -1         0.00054   9.2e-05  -0.00053  -1         0.052   
   0.052    -1        -0.00012   0.00054  -9.2e-05   1        -1        -0.052     0.00053 
   0.052     1         0.00012   0.00054   9.2e-05  -1        -1         0.052    -0.00053 
  -1         0         0         0        -1         0         0         0         1       
  -1        -2.4e-22   0         2.4e-22  -1         0         0         0         1       
  -0.57     -2.4e-22   0.82      1.4e-22  -1        -1.9e-22   0.82     -1.2e-38   0.57    
  -0.98     -2.4e-22  -0.22      2.3e-22  -1         5.3e-23  -0.22     -2.9e-39   0.98    
  -0.98      7.5e-05  -0.22      0        -1        -0.00034  -0.22     -0.00033   0.98    
  -1         7.5e-05   0.051    -9.2e-05  -1        -0.00033   0.051    -0.00033   1       
  -1         7.8e-05   0.051    -9.2e-05  -1        -0.00026   0.051    -0.00026   1       
  -0.00012  -0.052    -1         1        -0.00054  -9.2e-05  -0.00053  -1         0.052   
  -0.052     1         0.00012  -0.00054   9.2e-05  -1        -1        -0.052     0.00053 
  -0.052    -1        -0.00012  -0.00054  -9.2e-05   1        -1         0.052    -0.00053 

XIPOS
   0         0         0       
  -0.52     -0.02      0.041   
  -0.47     -0.019     0.11    
  -0.64     -0.019     0.29    
  -0.58     -0.019     0.34    
  -0.44     -0.012     0.31    
  -0.34     -0.019     0.31    
  -0.28     -0.019     0.31    
  -0.3      -0.019     0.34    
  -0.23     -0.034     0.31    
  -0.23     -0.0036    0.31    
   0.52     -0.018     0.041   
   0.47     -0.019     0.11    
   0.64     -0.019     0.29    
   0.58     -0.019     0.34    
   0.44     -0.026     0.31    
   0.34     -0.019     0.31    
   0.28     -0.019     0.31    
   0.3      -0.019     0.34    
   0.23     -0.0038    0.31    
   0.23     -0.034     0.31    

XIMAT
   1         0         0         0         1         0         0         0         1       
   0.015     0.011     1         0.0027   -1         0.011     1         0.0026   -0.015   
  -0.093     1        -3.4e-06  -7.2e-05  -3.4e-06   1         1         0.093     7.2e-05 
  -0.69     -5.1e-22  -0.73      3.5e-22  -1         3.7e-22  -0.73      0         0.69    
   0.21      0.018     0.98      0.014    -1         0.016     0.98      0.01     -0.21    
  -0.22      0.22      0.95     -0.00034   0.97     -0.22     -0.98     -0.05     -0.22    
  -0.45      0.0045    0.89      0.0015   -1         0.0058    0.89      0.0039    0.45    
   0.49     -0.87     -3.8e-06   0.00078   0.00045  -1         0.87      0.49      0.0009  
   0.96     -0.0042   -0.28      0.00036   1        -0.014     0.28      0.013     0.96    
  -0.17     -0.031     0.98      0.98     -0.0025    0.17     -0.0029    1         0.031   
  -0.17     -0.031    -0.98     -0.98     -0.0079    0.17     -0.013     1        -0.029   
  -0.015    -0.011    -1        -0.0027    1        -0.011     1         0.0026   -0.015   
   0.093    -1         3.4e-06   7.2e-05   3.4e-06  -1         1         0.093     7.2e-05 
   0.69      2.4e-22   0.73     -1.6e-22   1        -1.7e-22  -0.73      0         0.69    
  -0.21     -0.018    -0.98     -0.014     1        -0.016     0.98      0.01     -0.21    
   0.22     -0.22     -0.95      0.00034  -0.97      0.22     -0.98     -0.05     -0.22    
   0.45     -0.0045   -0.89     -0.0015    1        -0.0058    0.89      0.0039    0.45    
  -0.49      0.87      3.8e-06  -0.00078  -0.00045   1         0.87      0.49      0.0009  
  -0.96      0.0042    0.28     -0.00036  -1         0.014     0.28      0.013     0.96    
   0.17      0.031    -0.98     -0.98      0.0025   -0.17     -0.0029    1         0.031   
   0.17      0.031     0.98      0.98      0.0079   -0.17     -0.013     1        -0.029   

XANCHOR
  -0.47     -0.019     0.099   
  -0.47     -0.019     0.15    
  -0.68     -0.019     0.37    
  -0.49     -0.019     0.32    
  -0.39     -0.019     0.3     
  -0.32     -0.019     0.31    
  -0.26     -0.038     0.32    
  -0.26      0.0001    0.32    
   0.47     -0.019     0.099   
   0.47     -0.019     0.15    
   0.68     -0.019     0.37    
   0.49     -0.019     0.32    
   0.39     -0.019     0.3     
   0.32     -0.019     0.31    
   0.26      9.6e-05   0.32    
   0.26     -0.038     0.32    

XAXIS
   0         0         1       
   5.1e-22   1         0       
   5.1e-22   1         0       
   0.98     -5e-22    -0.22    
  -7.5e-05   1        -0.00033 
   1         9.2e-05   0.051   
   0.00012  -1        -0.00053 
  -0.00012   1         0.00053 
   0         0         1       
  -2.4e-22  -1         0       
  -2.4e-22  -1        -1.2e-38 
  -0.98      2.3e-22  -0.22    
   7.5e-05  -1        -0.00033 
  -1        -9.2e-05   0.051   
  -0.00012   1        -0.00053 
   0.00012  -1         0.00053 

GEOM_XPOS
   0         0        -0.75    
   0.00022   2e-06    -0.0072  
   0.00023  -3.5e-09  -0.38    
   0         0        -0.1     
   2.4e-09  -0.36      1       
   0.52     -0.37      0.61    
  -5.8e-05  -0.31      1       
   0.42     -0.38      1       
   1.4e-08  -0.39     -0.01    
  -0.51     -0.37      0.61    
   0.44     -0.38      0.6     
  -5.8e-05  -0.39      0.031   
   0.59     -0.38      0.6     
  -0.43     -0.36      0.52    
  -0.59     -0.38      0.6     
  -0.43     -0.24      0.12    
  -0.51     -0.066     0.01    
  -0.6      -0.37      0.32    
   0.52     -0.63      0.01    
   0.0015   -0.32      1       
  -0.43     -0.14      0.01    
   0.6      -0.26      0.12    
   0.52     -0.066     0.01    
  -0.42     -0.38      1       
   1.4e-08   0.37      0.01    
   0.43     -0.14      0.01    
   0.6      -0.14      0.01    
  -0.51     -0.63      0.01    
  -0.44     -0.38      0.6     
  -0.6      -0.14      0.01    
   0.6      -0.37      0.32    
   0.43     -0.24      0.12    
  -0.6      -0.26      0.12    
   0.43     -0.36      0.52    
   0.0014   -0.39      0.022   
  -0.51     -0.019     0.049   
  -0.51     -0.019     0.049   
  -0.47     -0.019     0.12    
  -0.47     -0.019     0.12    
  -0.63     -0.019     0.28    
  -0.63     -0.019     0.28    
  -0.59     -0.019     0.35    
  -0.59     -0.019     0.35    
  -0.44     -0.013     0.31    
  -0.44     -0.013     0.31    
  -0.35     -0.019     0.31    
  -0.35     -0.019     0.31    
  -0.3      -0.019     0.32    
  -0.3      -0.019     0.32    
  -0.28     -0.019     0.31    
  -0.28     -0.019     0.31    
  -0.31     -0.02      0.38    
  -0.31     -0.02      0.38    
  -0.31     -0.019     0.39    
  -0.31     -0.019     0.39    
  -0.24     -0.035     0.31    
  -0.24     -0.035     0.31    
  -0.17     -0.02      0.31    
  -0.17     -0.02      0.3     
  -0.18     -0.02      0.31    
  -0.24     -0.0032    0.31    
  -0.24     -0.0032    0.31    
  -0.17     -0.018     0.31    
  -0.17     -0.018     0.3     
  -0.18     -0.018     0.31    
   0.51     -0.019     0.049   
   0.51     -0.019     0.049   
   0.47     -0.019     0.12    
   0.47     -0.019     0.12    
   0.63     -0.019     0.28    
   0.63     -0.019     0.28    
   0.59     -0.019     0.35    
   0.59     -0.019     0.35    
   0.44     -0.025     0.31    
   0.44     -0.025     0.31    
   0.35     -0.019     0.31    
   0.35     -0.019     0.31    
   0.3      -0.019     0.32    
   0.3      -0.019     0.32    
   0.28     -0.019     0.31    
   0.28     -0.019     0.31    
   0.31     -0.018     0.38    
   0.31     -0.018     0.38    
   0.31     -0.019     0.39    
   0.31     -0.019     0.39    
   0.24     -0.0034    0.31    
   0.24     -0.0034    0.31    
   0.17     -0.018     0.31    
   0.17     -0.018     0.3     
   0.18     -0.018     0.31    
   0.24     -0.035     0.31    
   0.24     -0.035     0.31    
   0.17     -0.02      0.31    
   0.17     -0.02      0.3     
   0.18     -0.02      0.31    

GEOM_XMAT
   1         0         0         0         1         0         0         0         1       
   0         8.1e-06   1         0        -1         8.1e-06   1         0         0       
   0.00083   1.8e-06   1         0.0021   -1         2.3e-17   1         0.0021   -0.00083 
   1         0         0         0         1         0         0         0         1       
   0         0         1         0        -1         0         1         0         0       
   0        -0        -1         0         1        -0         1         0         0       
  -0.0027    5.6e-17  -1         0.42     -0.91     -0.0012   -0.91     -0.42      0.0025  
  -5.6e-17   0.71     -0.71     -1         0         0         0         0.71      0.71    
   0        -0        -1         0        -1         0        -1         0         0       
   0        -0        -1         0        -1         0        -1         0         0       
   1.1e-16  -0.71     -0.71     -1        -1.1e-16  -5.6e-17  -5.6e-17   0.71     -0.71    
  -0.0027    0        -1         1         0.096    -0.0027    0.096    -1        -0.00026 
  -5.6e-17   0.71     -0.71     -1         0         0         0         0.71      0.71    
  -1         0         0         0        -1         0         0         0         1       
   1.1e-16  -0.71     -0.71     -1        -1.1e-16  -5.6e-17  -5.6e-17   0.71     -0.71    
   1         0         0         0         0.71     -0.71      0         0.71      0.71    
   0         0        -1         0        -1        -0        -1         0         0       
  -1         0         0         0        -1        -0        -0         0         1       
   0        -0        -1         0         1        -0         1         0         0       
   0.026     0.99      0.11     -0.23     -0.099     0.97      0.97     -0.05      0.22    
   0        -1         0         0         0        -1         1         0         0       
   1         0         0         0         0.71     -0.71      0         0.71      0.71    
   0        -0        -1         0         1        -0         1         0         0       
   1.1e-16  -0.71     -0.71     -1        -1.1e-16  -5.6e-17  -5.6e-17   0.71     -0.71    
   0         0        -1         0        -1        -0        -1         0         0       
  -1        -0         0         0         0        -1         0        -1         0       
  -1        -0         0         0         0        -1         0        -1         0       
   0         0        -1         0        -1        -0        -1         0         0       
  -5.6e-17   0.71     -0.71     -1         0         0         0         0.71      0.71    
  -1        -0         0         0         0        -1         0        -1         0       
   0        -1         0         1         0         0         0         0         1       
   1         0         0         0         0.71     -0.71      0         0.71      0.71    
   1         0         0         0         0.71     -0.71      0         0.71      0.71    
  -1         0         0         0        -1         0         0         0         1       
   0.022     1         0.094    -1         0.015     0.079     0.077    -0.095     0.99    
  -0.029     0         1         0        -1         0         1         0         0.029   
  -0.029     0         1         0        -1         0         1         0         0.029   
   0         1         0         0         0         1         1         0         0       
   0         1         0         0         0         1         1         0         0       
  -0.68     -5.1e-22  -0.73      3.5e-22  -1         3.7e-22  -0.73     -2.4e-38   0.68    
  -0.68     -5.1e-22  -0.73      3.5e-22  -1         3.7e-22  -0.73     -2.4e-38   0.68    
   0.22      1.7e-06   0.98     -6.2e-17  -1         1.7e-06   0.98     -3.8e-07  -0.22    
   0.22      1.7e-06   0.98     -6.2e-17  -1         1.7e-06   0.98     -3.8e-07  -0.22    
  -0.22      0.17      0.96     -0.0014    0.99     -0.17     -0.98     -0.039    -0.22    
  -0.22      0.17      0.96     -0.0014    0.99     -0.17     -0.98     -0.039    -0.22    
  -0.29      7.5e-05   0.96      0.00029  -1         0.00017   0.96      0.00033   0.29    
  -0.29      7.5e-05   0.96      0.00029  -1         0.00017   0.96      0.00033   0.29    
  -0.0025    1         0.02     -1        -0.0026    0.0079    0.0079   -0.02      1       
  -0.0025    1         0.02     -1        -0.0026    0.0079    0.0079   -0.02      1       
   0.99     -0.15      0.00014   5.6e-05  -0.00055  -1         0.15      0.99     -0.00053 
   0.99     -0.15      0.00014   5.6e-05  -0.00055  -1         0.15      0.99     -0.00053 
   1        -0.016    -0.088    -0.013    -1         0.029    -0.089    -0.028    -1       
   1        -0.016    -0.088    -0.013    -1         0.029    -0.089    -0.028    -1       
   0.93     -0.38     -0.0026    0.003     0.00045   1        -0.38     -0.93      0.0016  
   0.93     -0.38     -0.0026    0.003     0.00045   1        -0.38     -0.93      0.0016  
   0.17      0.043     0.98     -0.99      0.0069    0.17      0.00041  -1         0.043   
   0.17      0.043     0.98     -0.99      0.0069    0.17      0.00041  -1         0.043   
   0.052    -1        -0.00012   0.00054  -9.2e-05   1        -1        -0.052     0.00053 
   0.052    -1        -0.00012   0.00054  -9.2e-05   1        -1        -0.052     0.00053 
   0.052    -1        -0.00012   0.00054  -9.2e-05   1        -1        -0.052     0.00053 
  -0.17      0.043     0.98     -0.99      0.0039   -0.17     -0.011    -1         0.042   
  -0.17      0.043     0.98     -0.99      0.0039   -0.17     -0.011    -1         0.042   
   0.052     1         0.00012   0.00054   9.2e-05  -1        -1         0.052    -0.00053 
   0.052     1         0.00012   0.00054   9.2e-05  -1        -1         0.052    -0.00053 
   0.052     1         0.00012   0.00054   9.2e-05  -1        -1         0.052    -0.00053 
   0.029     0        -1         0         1         0         1         0         0.029   
   0.029     0        -1         0         1         0         1         0         0.029   
   0        -1         0         0         0        -1         1         0         0       
   0        -1         0         0         0        -1         1         0         0       
   0.68      2.4e-22   0.73     -1.6e-22   1        -1.7e-22  -0.73     -1.2e-38   0.68    
   0.68      2.4e-22   0.73     -1.6e-22   1        -1.7e-22  -0.73     -1.2e-38   0.68    
  -0.22     -1.7e-06  -0.98      6.2e-17   1        -1.7e-06   0.98     -3.8e-07  -0.22    
  -0.22     -1.7e-06  -0.98      6.2e-17   1        -1.7e-06   0.98     -3.8e-07  -0.22    
   0.22     -0.17     -0.96      0.0014   -0.99      0.17     -0.98     -0.039    -0.22    
   0.22     -0.17     -0.96      0.0014   -0.99      0.17     -0.98     -0.039    -0.22    
   0.29     -7.5e-05  -0.96     -0.00029   1        -0.00017   0.96      0.00033   0.29    
   0.29     -7.5e-05  -0.96     -0.00029   1        -0.00017   0.96      0.00033   0.29    
   0.0025   -1        -0.02      1         0.0026   -0.0079    0.0079   -0.02      1       
   0.0025   -1        -0.02      1         0.0026   -0.0079    0.0079   -0.02      1       
  -0.99      0.15     -0.00014  -5.6e-05   0.00055   1         0.15      0.99     -0.00053 
  -0.99      0.15     -0.00014  -5.6e-05   0.00055   1         0.15      0.99     -0.00053 
  -1         0.016     0.088     0.013     1        -0.029    -0.089    -0.028    -1       
  -1         0.016     0.088     0.013     1        -0.029    -0.089    -0.028    -1       
  -0.93      0.38      0.0026   -0.003    -0.00045  -1        -0.38     -0.93      0.0016  
  -0.93      0.38      0.0026   -0.003    -0.00045  -1        -0.38     -0.93      0.0016  
  -0.17     -0.043    -0.98      0.99     -0.0069   -0.17      0.00041  -1         0.043   
  -0.17     -0.043    -0.98      0.99     -0.0069   -0.17      0.00041  -1         0.043   
  -0.052     1         0.00012  -0.00054   9.2e-05  -1        -1        -0.052     0.00053 
  -0.052     1         0.00012  -0.00054   9.2e-05  -1        -1        -0.052     0.00053 
  -0.052     1         0.00012  -0.00054   9.2e-05  -1        -1        -0.052     0.00053 
   0.17     -0.043    -0.98      0.99     -0.0039    0.17     -0.011    -1         0.042   
   0.17     -0.043    -0.98      0.99     -0.0039    0.17     -0.011    -1         0.042   
  -0.052    -1        -0.00012  -0.00054  -9.2e-05   1        -1         0.052    -0.00053 
  -0.052    -1        -0.00012  -0.00054  -9.2e-05   1        -1         0.052    -0.00053 
  -0.052    -1        -0.00012  -0.00054  -9.2e-05   1        -1         0.052    -0.00053 

SITE_XPOS
   0         0        -0.75    
  -0.19     -0.019     0.31    
  -0.2      -0.026     0.31    
  -0.2      -0.011     0.31    
   0.19     -0.019     0.31    
   0.2      -0.012     0.31    
   0.2      -0.027     0.31    

SITE_XMAT
   1         0         0         0         1         0         0         0         1       
   1        -7.8e-05  -0.051     9.2e-05   1         0.00026   0.051    -0.00026   1       
   0.052    -1        -0.00012   0.00054  -9.2e-05   1        -1        -0.052     0.00053 
   0.052     1         0.00012   0.00054   9.2e-05  -1        -1         0.052    -0.00053 
  -1         7.8e-05   0.051    -9.2e-05  -1        -0.00026   0.051    -0.00026   1       
  -0.052     1         0.00012  -0.00054   9.2e-05  -1        -1        -0.052     0.00053 
  -0.052    -1        -0.00012  -0.00054  -9.2e-05   1        -1         0.052    -0.00053 

CAM_XPOS
   0        -1.4       0.69    
   0         1.5       0.8     
   0        -0.3       1       
   0        -0.38      0.032   
  -0.3      -0.019     0.39    
   0.3      -0.019     0.39    

CAM_XMAT
   1         0         0         0         0.24     -0.97      0         0.97      0.24    
  -1         0         0         0        -0.24      0.97      0         0.97      0.24    
   1         0         0         0         0.91     -0.42      0         0.42      0.91    
   1         0         0         0        -0.095    -1         0         1        -0.095   
   0.00012   0.38     -0.93     -1        -0.00045  -0.00031  -0.00053   0.93      0.38    
  -0.00012  -0.38      0.93      1         0.00045   0.00031  -0.00053   0.93      0.38    

LIGHT_XPOS
  -0.5       0.7       2.5     
   0.5       0.7       2.5     
   0         0.1       2.5     

LIGHT_XDIR
   0.096    -0.31     -0.95    
  -0.096    -0.31     -0.95    
   0         0        -1       

SUBTREE_COM
   0        -0.019     0.21    
  -0.48     -0.018     0.21    
  -0.46     -0.018     0.27    
  -0.46     -0.018     0.32    
  -0.38     -0.017     0.33    
  -0.33     -0.017     0.32    
  -0.29     -0.019     0.32    
  -0.28     -0.019     0.33    
  -0.28     -0.019     0.33    
  -0.23     -0.034     0.31    
  -0.23     -0.0036    0.31    
   0.48     -0.02      0.21    
   0.46     -0.02      0.27    
   0.46     -0.02      0.32    
   0.38     -0.021     0.33    
   0.33     -0.021     0.32    
   0.29     -0.019     0.32    
   0.28     -0.019     0.33    
   0.28     -0.019     0.33    
   0.23     -0.0038    0.31    
   0.23     -0.034     0.31    

CDOF
   0         0         1        -0.00052  -0.008     0       
   5.1e-22   1         0         0.067    -3.4e-23   0.008   
   5.1e-22   1         0        -0.15      7.8e-23  -0.2     
   0.98     -5e-22    -0.22      0.00011   0.1       0.00051 
  -7.5e-05   1        -0.00033  -0.087     2.3e-05   0.089   
   1         9.2e-05   0.051    -3.5e-05   0.083     0.00053 
   0         0         0         0.00012  -1        -0.00053 
   0         0         0        -0.00012   1         0.00053 
   0         0         1         0.00052   0.008    -0       
  -2.4e-22  -1         0        -0.067     1.6e-23   0.008   
  -2.4e-22  -1        -1.2e-38   0.15     -3.7e-23  -0.2     
  -0.98      2.3e-22  -0.22     -0.00011  -0.1       0.00051 
   7.5e-05  -1        -0.00033   0.087    -2.3e-05   0.089   
  -1        -9.2e-05   0.051     3.5e-05  -0.083     0.00053 
   0         0         0        -0.00012   1        -0.00053 
   0         0         0         0.00012  -1         0.00053 

CINERT
   0         0         0         0         0         0         0         0         0         0       
   0.031     0.037     0.0092   -9.5e-05  -0.0076   -0.00018  -0.044    -0.001    -0.17      0.97    
   0.0097    0.0096    0.0013    3.4e-06   0.00068  -4.3e-05   0.0066   -0.00042  -0.083     0.8     
   0.0097    0.036     0.027    -6.8e-05   0.015     3.3e-05  -0.13     -0.00041   0.063     0.79    
   0.0057    0.01      0.0046   -3.5e-05   0.0045    2.7e-05  -0.032    -0.00017   0.042     0.32    
   0.0042    0.0052    0.0013   -2.5e-05  -0.0016   -0.00027   0.017     0.0026    0.041     0.41    
   0.0012    0.0033    0.0022    8.1e-06  -0.0016    6e-06     0.016    -6e-05     0.012     0.12    
   0.003     0.013     0.011     2.5e-05  -0.0048    1.3e-05   0.05     -0.00013   0.024     0.25    
   0.0078    0.021     0.014     5.3e-05  -0.0095    4.2e-05   0.076    -0.0003    0.053     0.42    
   0.00082   0.0059    0.0052    0.00032  -0.002     0.00013   0.021    -0.0014    0.0082    0.086   
   0.00082   0.0059    0.0052   -0.0003   -0.002    -0.00012   0.021     0.0013    0.0082    0.086   
   0.031     0.037     0.0092   -9.5e-05   0.0076    0.00018   0.044     0.001    -0.17      0.97    
   0.0097    0.0096    0.0013    3.4e-06  -0.00068   4.3e-05  -0.0066    0.00042  -0.083     0.8     
   0.0097    0.036     0.027    -6.8e-05  -0.015    -3.3e-05   0.13      0.00041   0.063     0.79    
   0.0057    0.01      0.0046   -3.5e-05  -0.0045   -2.7e-05   0.032     0.00017   0.042     0.32    
   0.0042    0.0052    0.0013   -2.5e-05   0.0016    0.00027  -0.017    -0.0026    0.041     0.41    
   0.0012    0.0033    0.0022    8.1e-06   0.0016   -6e-06    -0.016     6e-05     0.012     0.12    
   0.003     0.013     0.011     2.5e-05   0.0048   -1.3e-05  -0.05      0.00013   0.024     0.25    
   0.0078    0.021     0.014     5.3e-05   0.0095   -4.2e-05  -0.076     0.0003    0.053     0.42    
   0.00082   0.0059    0.0052    0.00032   0.002    -0.00013  -0.021     0.0014    0.0082    0.086   
   0.00082   0.0059    0.0052   -0.0003    0.002     0.00012  -0.021    -0.0013    0.0082    0.086   

ACTUATOR_LENGTH
  -5.1e-22 
  -0.96    
   1.2     
  -0.00034 
  -0.27    
   6.7e-05 
   0.0084  
  -2.4e-22 
  -0.96    
   1.2     
  -0.00034 
  -0.27    
   6.7e-05 
   0.0084  

actuator_moment
------------------
 x                |
  x               |
   x              |
    x             |
     x            |
      x           |
       x          |
         x        |
          x       |
           x      |
            x     |
             x    |
              x   |
               x  |
------------------

ACTUATOR_MOMENT
     0:  1       
     1:  1       
     2:  1       
     3:  1       
     4:  1       
     5:  1       
     6:  1       
     8:  1       
     9:  1       
    10:  1       
    11:  1       
    12:  1       
    13:  1       
    14:  1       

CRB
   0         0         0         0         0         0         0         0         0         0       
   0.074     0.15      0.081    -0.00012  -0.0093   -0.00037  -5.8e-16  -1.5e-17   1.1e-16   4.3     
   0.043     0.11      0.072    -2e-05    -0.0017   -0.00019   0.044     0.001     0.17      3.3     
   0.033     0.1       0.07     -2.4e-05  -0.0024   -0.00015   0.038     0.0015    0.25      2.5     
   0.024     0.065     0.043     4.5e-05  -0.017    -0.00018   0.17      0.0019    0.19      1.7     
   0.018     0.055     0.039     7.9e-05  -0.021    -0.00021   0.2       0.002     0.15      1.4     
   0.014     0.049     0.037     0.0001   -0.02      6.8e-05   0.18     -0.00056   0.11      0.96    
   0.012     0.046     0.035     9.7e-05  -0.018     6.2e-05   0.17     -0.0005    0.094     0.85    
   0.0094    0.033     0.025     7.1e-05  -0.013     4.9e-05   0.12     -0.00037   0.07      0.59    
   0.00082   0.0059    0.0052    0.00032  -0.002     0.00013   0.021    -0.0014    0.0082    0.086   
   0.00082   0.0059    0.0052   -0.0003   -0.002    -0.00012   0.021     0.0013    0.0082    0.086   
   0.074     0.15      0.081    -0.00012   0.0093    0.00037   5.8e-16  -2.6e-18   1.1e-16   4.3     
   0.043     0.11      0.072    -2e-05     0.0017    0.00019  -0.044    -0.001     0.17      3.3     
   0.033     0.1       0.07     -2.4e-05   0.0024    0.00015  -0.038    -0.0015    0.25      2.5     
   0.024     0.065     0.043     4.5e-05   0.017     0.00018  -0.17     -0.0019    0.19      1.7     
   0.018     0.055     0.039     7.9e-05   0.021     0.00021  -0.2      -0.002     0.15      1.4     
   0.014     0.049     0.037     0.0001    0.02     -6.8e-05  -0.18      0.00056   0.11      0.96    
   0.012     0.046     0.035     9.7e-05   0.018    -6.2e-05  -0.17      0.0005    0.094     0.85    
   0.0094    0.033     0.025     7.1e-05   0.013    -4.9e-05  -0.12      0.00037   0.07      0.59    
   0.00082   0.0059    0.0052    0.00032   0.002    -0.00013  -0.021     0.0014    0.0082    0.086   
   0.00082   0.0059    0.0052   -0.0003    0.002     0.00012  -0.021    -0.0013    0.0082    0.086   

QM
   0.071   
  -0.00046   0.54    
   0.00015   0.061     0.57    
  -0.0081    0.0001   -0.0006    0.14    
   1.2e-06   0.024     0.04      3.2e-06   0.021   
  -0.0024    1.2e-05   2.6e-05   0.0026    5.5e-06   0.0023  
  -0.02      1.2e-05   2e-05     0.0036    1.2e-05  -1.2e-05   0.33    
   0.02     -1.2e-05  -2e-05    -0.0036   -1.2e-05   1.4e-05             0.33    
                                                                                   0.071   
                                                                                  -0.00046   0.54    
                                                                                   0.00015   0.061     0.57    
                                                                                  -0.0081    0.0001   -0.0006    0.14    
                                                                                   1.2e-06   0.024     0.04      3.2e-06   0.021   
                                                                                  -0.0024    1.2e-05   2.6e-05   0.0026    5.5e-06   0.0023  
                                                                                  -0.02      1.2e-05   2e-05     0.0036    1.2e-05  -1.2e-05   0.33    
                                                                                   0.02     -1.2e-05  -2e-05    -0.0036   -1.2e-05   1.4e-05             0.33    

QLD
     0:  0.066   
     0: -0.0009     1:  0.51    
     0:  0.00028    1:  0.029      2:  0.49    
     0: -0.035      1:  0.00064    2: -0.0044     3:  0.14    
     0:  0.0004     1:  1.2        2:  1.9        3: -0.00015    4:  0.021   
     0: -1.1        1:  0.0051     2:  0.011      3:  1.1        4:  0.0024     5:  0.0023  
     0: -0.062      1:  3.8e-05    2:  6.1e-05    3:  0.011      4:  3.5e-05    5: -3.8e-05    6:  0.33    
     0:  0.062      1: -3.8e-05    2: -6.1e-05    3: -0.011      4: -3.5e-05    5:  4.4e-05    7:  0.33    
     8:  0.066   
     8: -0.0009     9:  0.51    
     8:  0.00028    9:  0.029     10:  0.49    
     8: -0.035      9:  0.00064   10: -0.0044    11:  0.14    
     8:  0.0004     9:  1.2       10:  1.9       11: -0.00015   12:  0.021   
     8: -1.1        9:  0.0051    10:  0.011     11:  1.1       12:  0.0024    13:  0.0023  
     8: -0.062      9:  3.8e-05   10:  6.1e-05   11:  0.011     12:  3.5e-05   13: -3.8e-05   14:  0.33    
     8:  0.062      9: -3.8e-05   10: -6.1e-05   11: -0.011     12: -3.5e-05   13:  4.4e-05   15:  0.33    

QLDIAGINV
   15      
   2       
   2       
   7.1     
   48      
   4.3e+02 
   3       
   3       
   15      
   2       
   2       
   7.1     
   48      
   4.3e+02 
   3       
   3       

QH
     0:  0.079   
     0: -0.00083    1:  0.56    
     0:  0.00023    1:  0.057      2:  0.56    
     0: -0.041      1:  0.0006     2: -0.004      3:  0.16    
     0:  0.00015    1:  0.72       2:  1.2        3:  4.5e-07    4:  0.034   
     0: -0.52       1:  0.0025     2:  0.0055     3:  0.55       4:  0.0012     5:  0.0047  
     0: -0.05       1:  3.1e-05    2:  4.9e-05    3:  0.0088     4:  2.8e-05    5: -3e-05      6:  0.41    
     0:  0.05       1: -3.1e-05    2: -4.9e-05    3: -0.0088     4: -2.8e-05    5:  3.5e-05    7:  0.41    
     8:  0.079   
     8: -0.00083    9:  0.56    
     8:  0.00023    9:  0.057     10:  0.56    
     8: -0.041      9:  0.0006    10: -0.004     11:  0.16    
     8:  0.00015    9:  0.72      10:  1.2       11:  4.5e-07   12:  0.034   
     8: -0.52       9:  0.0025    10:  0.0055    11:  0.55      12:  0.0012    13:  0.0047  
     8: -0.05       9:  3.1e-05   10:  4.9e-05   11:  0.0088    12:  2.8e-05   13: -3e-05     14:  0.41    
     8:  0.05       9: -3.1e-05   10: -4.9e-05   11: -0.0088    12: -2.8e-05   13:  3.5e-05   15:  0.41    

QHDIAGINV
   13      
   1.8     
   1.8     
   6.4     
   30      
   2.1e+02 
   2.4     
   2.4     
   13      
   1.8     
   1.8     
   6.4     
   30      
   2.1e+02 
   2.4     
   2.4     

B: body-dof matrix
------------------
 xxxxxxxxxxxxxxxx |
 xxxxxxxx         |
 xxxxxxxx         |
 xxxxxxxx         |
 xxxxxxxx         |
 xxxxxxxx         |
 xxxxxxxx         |
 xxxxxxxx         |
 xxxxxxxx         |
 xxxxxxx          |
 xxxxxx x         |
         xxxxxxxx |
         xxxxxxxx |
         xxxxxxxx |
         xxxxxxxx |
         xxxxxxxx |
         xxxxxxxx |
         xxxxxxxx |
         xxxxxxxx |
         xxxxxxx  |
         xxxxxx x |
------------------

B_rownnz              16 8 8 8 8 8 8 8 8 7 7 8 8 8 8 8 8 8 8 7 7

B_rowadr              0 16 24 32 40 48 56 64 72 80 87 94 102 110 118 126 134 142 150 158 165

B_colind              0 1 2 3 4 5 6 7 8 9 10 11 12 13 14 15 0 1 2 3 4 5 6 7 0 1 2 3 4 5 6 7 0 1 2 3 4 5 6 7 0 1 2 3 4 5 6 7 0 1 2 3 4 5 6 7 0 1 2 3 4 5 6 7 0 1 2 3 4 5 6 7 0 1 2 3 4 5 6 7 0 1 2 3 4 5 6 0 1 2 3 4 5 7 8 9 10 11 12 13 14 15 8 9 10 11 12 13 14 15 8 9 10 11 12 13 14 15 8 9 10 11 12 13 14 15 8 9 10 11 12 13 14 15 8 9 10 11 12 13 14 15 8 9 10 11 12 13 14 15 8 9 10 11 12 13 14 15 8 9 10 11 12 13 14 8 9 10 11 12 13 15

M: inertia matrix
------------------
 x                |
 xx               |
 xxx              |
 xxxx             |
 xxxxx            |
 xxxxxx           |
 xxxxxxx          |
 xxxxxx x         |
         x        |
         xx       |
         xxx      |
         xxxx     |
         xxxxx    |
         xxxxxx   |
         xxxxxxx  |
         xxxxxx x |
------------------

M_rownnz              1 2 3 4 5 6 7 7 1 2 3 4 5 6 7 7

M_rowadr              0 1 3 6 10 15 21 28 35 36 38 41 45 50 56 63

M_colind              0 0 1 0 1 2 0 1 2 3 0 1 2 3 4 0 1 2 3 4 5 0 1 2 3 4 5 6 0 1 2 3 4 5 7 8 8 9 8 9 10 8 9 10 11 8 9 10 11 12 8 9 10 11 12 13 8 9 10 11 12 13 14 8 9 10 11 12 13 15

mapM2M                0 2 1 5 4 3 9 8 7 6 14 13 12 11 10 20 19 18 17 16 15 27 26 25 24 23 22 21 34 33 32 31 30 29 28 35 37 36 40 39 38 44 43 42 41 49 48 47 46 45 55 54 53 52 51 50 62 61 60 59 58 57 56 69 68 67 66 65 64 63

C: reduced dof-dof matrix
------------------
 x                |
 xx               |
 xxx              |
 xxxx             |
 xxxxx            |
 xxxxxx           |
 xxxxxxx          |
 xxxxxx x         |
         x        |
         xx       |
         xxx      |
         xxxx     |
         xxxxx    |
         xxxxxx   |
         xxxxxxx  |
         xxxxxx x |
------------------

C_rownnz              1 2 3 4 5 6 7 7 1 2 3 4 5 6 7 7

C_rowadr              0 1 3 6 10 15 21 28 35 36 38 41 45 50 56 63

C_colind              0 0 1 0 1 2 0 1 2 3 0 1 2 3 4 0 1 2 3 4 5 0 1 2 3 4 5 6 0 1 2 3 4 5 7 8 8 9 8 9 10 8 9 10 11 8 9 10 11 12 8 9 10 11 12 13 8 9 10 11 12 13 14 8 9 10 11 12 13 15

mapM2C                0 2 1 5 4 3 9 8 7 6 14 13 12 11 10 20 19 18 17 16 15 27 26 25 24 23 22 21 34 33 32 31 30 29 28 35 37 36 40 39 38 44 43 42 41 49 48 47 46 45 55 54 53 52 51 50 62 61 60 59 58 57 56 69 68 67 66 65 64 63

D: dof-dof matrix
------------------
 Dxxxxxxx         |
 xDxxxxxx         |
 xxDxxxxx         |
 xxxDxxxx         |
 xxxxDxxx         |
 xxxxxDxx         |
 xxxxxxD          |
 xxxxxx D         |
         Dxxxxxxx |
         xDxxxxxx |
         xxDxxxxx |
         xxxDxxxx |
         xxxxDxxx |
         xxxxxDxx |
         xxxxxxD  |
         xxxxxx D |
------------------

D_rownnz              8 8 8 8 8 8 7 7 8 8 8 8 8 8 7 7

D_rowadr              0 8 16 24 32 40 48 55 62 70 78 86 94 102 110 117

D_colind              0 1 2 3 4 5 6 7 0 1 2 3 4 5 6 7 0 1 2 3 4 5 6 7 0 1 2 3 4 5 6 7 0 1 2 3 4 5 6 7 0 1 2 3 4 5 6 7 0 1 2 3 4 5 6 0 1 2 3 4 5 7 8 9 10 11 12 13 14 15 8 9 10 11 12 13 14 15 8 9 10 11 12 13 14 15 8 9 10 11 12 13 14 15 8 9 10 11 12 13 14 15 8 9 10 11 12 13 14 15 8 9 10 11 12 13 14 8 9 10 11 12 13 15

mapM2D                0 2 5 9 14 20 27 34 2 1 4 8 13 19 26 33 5 4 3 7 12 18 25 32 9 8 7 6 11 17 24 31 14 13 12 11 10 16 23 30 20 19 18 17 16 15 22 29 27 26 25 24 23 22 21 34 33 32 31 30 29 28 35 37 40 44 49 55 62 69 37 36 39 43 48 54 61 68 40 39 38 42 47 53 60 67 44 43 42 41 46 52 59 66 49 48 47 46 45 51 58 65 55 54 53 52 51 50 57 64 62 61 60 59 58 57 56 69 68 67 66 65 64 63

mapD2M                0 9 8 18 17 16 27 26 25 24 36 35 34 33 32 45 44 43 42 41 40 54 53 52 51 50 49 48 61 60 59 58 57 56 55 62 71 70 80 79 78 89 88 87 86 98 97 96 95 94 107 106 105 104 103 102 116 115 114 113 112 111 110 123 122 121 120 119 118 117

CONTACT
EFC_TYPE
  0
  0
  1
  1
  1
  1

EFC_ID
  0
  1
  1
  2
  9
  10

EFC_J
   0         0         0         0         0         0         1        -1         0         0         0         0         0         0         0         0       
   0         0         0         0         0         0         0         0         0         0         0         0         0         0         1        -1       
   0         1         0         0         0         0         0         0         0         0         0         0         0         0         0         0       
   0         0         1         0         0         0         0         0         0         0         0         0         0         0         0         0       
   0         0         0         0         0         0         0         0         0         1         0         0         0         0         0         0       
   0         0         0         0         0         0         0         0         0         0         1         0         0         0         0         0       

EFC_POS
   1.3e-07 
   1.3e-07 
   0       
   0       
   0       
   0       

EFC_MARGIN
   0       
   0       
   0       
   0       
   0       
   0       

EFC_FRICTIONLOSS
   0       
   0       
   2       
   1.1     
   2       
   1.1     

EFC_DIAGAPPROX
   6.2     
   6.2     
   1.4     
   2.1     
   1.4     
   2.1     

EFC_KBIP
   2.8e+03   1.1e+02   0.9       0.025   
   2.8e+03   1.1e+02   0.9       0.025   
   0         1.1e+02   0.9       0       
   0         1.1e+02   0.9       0       
   0         1.1e+02   0.9       0       
   0         1.1e+02   0.9       0       

EFC_D
   1.4     
   1.4     
   6.3     
   4.2     
   6.3     
   4.2     

EFC_R
   0.69    
   0.69    
   0.16    
   0.24    
   0.16    
   0.24    

ACTUATOR_VELOCITY
  -1.3e-19 
   2.8e-14 
   4.7e-14 
   1e-17   
   1.4e-14 
  -2.7e-18 
  -4.2e-16 
   1.2e-20 
   2.8e-14 
   4.7e-14 
   9.8e-18 
   1.4e-14 
  -2.4e-18 
  -4.2e-16 

CVEL
   0         0         0         0         0         0       
   0         0         0         0         0         0       
   0         0        -1.3e-19   6.9e-23   1.1e-21   0       
   1.4e-35   2.8e-14  -1.3e-19   1.9e-15   1.1e-21   2.2e-16 
   3.8e-35   7.5e-14  -1.3e-19  -5.4e-15   1.1e-21  -9.4e-15 
   1e-17     7.5e-14  -2.4e-18  -5.4e-15   1.1e-18  -9.4e-15 
   9.1e-18   8.8e-14  -6.9e-18  -6.6e-15   1.4e-18  -8.2e-15 
   6.4e-18   8.8e-14  -7.1e-18  -6.6e-15   1.2e-18  -8.2e-15 
   6.4e-18   8.8e-14  -7.1e-18  -6.6e-15   1.2e-18  -8.2e-15 
   6.4e-18   8.8e-14  -7.1e-18  -6.6e-15   4.2e-16  -8.2e-15 
   6.4e-18   8.8e-14  -7.1e-18  -6.6e-15  -4.1e-16  -8.2e-15 
   0         0         0         0         0         0       
   0         0         1.2e-20   6.4e-24   9.8e-23   0       
  -6.6e-36  -2.8e-14   1.2e-20  -1.9e-15   9.8e-23   2.2e-16 
  -1.8e-35  -7.5e-14   1.2e-20   5.4e-15   9.8e-23  -9.4e-15 
  -9.6e-18  -7.5e-14  -2.2e-18   5.4e-15  -1e-18    -9.4e-15 
  -8.5e-18  -8.8e-14  -6.7e-18   6.6e-15  -1.3e-18  -8.2e-15 
  -6.2e-18  -8.8e-14  -6.8e-18   6.6e-15  -1.1e-18  -8.2e-15 
  -6.2e-18  -8.8e-14  -6.8e-18   6.6e-15  -1.1e-18  -8.2e-15 
  -6.2e-18  -8.8e-14  -6.8e-18   6.6e-15  -4.2e-16  -8.2e-15 
  -6.2e-18  -8.8e-14  -6.8e-18   6.6e-15   4e-16    -8.2e-15 

CDOF_DOT
   0         0         0         0         0         0       
   1.3e-19  -6.8e-41   0        -4.6e-42  -9e-21     6.9e-23 
   1.3e-19  -6.8e-41   0        -5.8e-15   2.1e-20   6.1e-15 
  -1.7e-14  -1.3e-19  -7.3e-14   3.8e-17  -1e-14    -8.6e-18 
  -2.2e-17   3.5e-21   1.6e-17   1.6e-14  -1.8e-18   1.1e-15 
   4.5e-15  -7.4e-18  -8.8e-14   4.8e-17  -7.8e-15   1.8e-18 
   0        -0         0        -5.4e-17   2.6e-21  -1.7e-17 
   0        -0         0         5.4e-17  -2.6e-21   1.7e-17 
   0         0         0         0         0         0       
   1.2e-20  -2.9e-42   0        -2e-43    -8.3e-22  -6.4e-24 
   1.2e-20  -2.9e-42   0         5.8e-15   1.9e-21   6.1e-15 
   1.7e-14  -1.2e-20  -7.3e-14  -3.8e-17   1e-14    -8.6e-18 
   2.3e-17  -3.3e-21   1.5e-17  -1.6e-14   1.7e-18   1.1e-15 
  -4.5e-15   7.1e-18  -8.8e-14  -4.8e-17   7.8e-15   1.8e-18 
   0         0         0         5.4e-17  -2.5e-21  -1.7e-17 
   0         0         0        -5.4e-17   2.5e-21   1.7e-17 

QFRC_BIAS
   2.9e-30 
  -0.17    
  -5       
   0.026   
  -0.96    
  -0.0007  
  -0.00045 
   0.00045 
   2.9e-30 
  -0.17    
  -5       
   0.026   
  -0.96    
  -0.0007  
  -0.00045 
   0.00045 

QFRC_SPRING
   0       
   0       
   0       
   0       
   0       
   0       
   0       
   0       
   0       
   0       
   0       
   0       
   0       
   0       
   0       
   0       

QFRC_DAMPER
   7.7e-19 
  -5.5e-13 
  -8.7e-13 
  -7.1e-17 
  -8.5e-14 
   3.3e-18 
   1.7e-14 
   1.6e-14 
  -7.1e-20 
  -5.5e-13 
  -8.7e-13 
  -6.6e-17 
  -8.6e-14 
   2.8e-18 
   1.7e-14 
   1.6e-14 

QFRC_GRAVCOMP
   0       
   0       
   0       
   0       
   0       
   0       
   0       
   0       
   0       
   0       
   0       
   0       
   0       
   0       
   0       
   0       

QFRC_FLUID
   0       
   0       
   0       
   0       
   0       
   0       
   0       
   0       
   0       
   0       
   0       
   0       
   0       
   0       
   0       
   0       

QFRC_PASSIVE
   7.7e-19 
  -5.5e-13 
  -8.7e-13 
  -7.1e-17 
  -8.5e-14 
   3.3e-18 
   1.7e-14 
   1.6e-14 
  -7.1e-20 
  -5.5e-13 
  -8.7e-13 
  -6.6e-17 
  -8.6e-14 
   2.8e-18 
   1.7e-14 
   1.6e-14 

EFC_VEL
  -1.3e-17 
  -1.3e-17 
   2.8e-14 
   4.7e-14 
   2.8e-14 
   4.7e-14 

EFC_AREF
  -0.00031 
  -0.00031 
  -2.9e-12 
  -5e-12   
  -2.9e-12 
  -5e-12   

SUBTREE_LINVEL
   0         0         0       
   0         0         0       
   0         0         0       
   0         0         0       
   0         0         0       
   0         0         0       
   0         0         0       
   0         0         0       
   0         0         0       
   0         0         0       
   0         0         0       
   0         0         0       
   0         0         0       
   0         0         0       
   0         0         0       
   0         0         0       
   0         0         0       
   0         0         0       
   0         0         0       
   0         0         0       
   0         0         0       

SUBTREE_ANGMOM
   0         0         0       
   0         0         0       
   0         0         0       
   0         0         0       
   0         0         0       
   0         0         0       
   0         0         0       
   0         0         0       
   0         0         0       
   0         0         0       
   0         0         0       
   0         0         0       
   0         0         0       
   0         0         0       
   0         0         0       
   0         0         0       
   0         0         0       
   0         0         0       
   0         0         0       
   0         0         0       
   0         0         0       

ACTUATOR_FORCE
   2.2e-20 
  -0.17    
  -5       
   0.026   
  -0.96    
  -0.0007  
  -2.6e-09 
   1e-20   
  -0.17    
  -5       
   0.026   
  -0.96    
  -0.0007  
  -2.6e-09 

QFRC_ACTUATOR
   2.2e-20 
  -0.17    
  -5       
   0.026   
  -0.96    
  -0.0007  
  -2.6e-09 
   0       
   1e-20   
  -0.17    
  -5       
   0.026   
  -0.96    
  -0.0007  
  -2.6e-09 
   0       

QFRC_SMOOTH
   7.9e-19 
   1.8e-11 
   2.1e-11 
   0       
   0       
   0       
   0.00045 
  -0.00045 
  -6e-20   
   1.8e-11 
   2.1e-11 
   0       
   0       
   0       
   0.00045 
  -0.00045 

QACC_SMOOTH
   0.00084 
   7.7e-07 
  -3.4e-07 
  -4.1e-05 
  -2.1e-06 
   0.00095 
   0.0014  
  -0.0014  
   0.00084 
   7.7e-07 
  -3.4e-07 
  -4.1e-05 
  -2.1e-06 
   0.00095 
   0.0014  
  -0.0014  

EFC_B
   0.0032  
   0.0032  
   7.7e-07 
  -3.4e-07 
   7.7e-07 
  -3.4e-07 

EFC_FORCE
  -0.00045 
  -0.00045 
  -1.8e-11 
  -2.1e-11 
  -1.8e-11 
  -2.1e-11 

EFC_STATE
  1
  1
  1
  1
  1
  1

QFRC_CONSTRAINT
   0       
  -1.8e-11 
  -2.1e-11 
   0       
   0       
   0       
  -0.00045 
   0.00045 
   0       
  -1.8e-11 
  -2.1e-11 
   0       
   0       
   0       
  -0.00045 
   0.00045 

QFRC_INVERSE
   0       
   0       
   0       
   0       
   0       
   0       
   0       
   0       
   0       
   0       
   0       
   0       
   0       
   0       
   0       
   0       

CACC
   0         0         0         0         0         0       
   0         0         0         0         0         0       
   0         0         0         0         0         0       
   0         0         0         0         0         0       
   0         0         0         0         0         0       
   0         0         0         0         0         0       
   0         0         0         0         0         0       
   0         0         0         0         0         0       
   0         0         0         0         0         0       
   0         0         0         0         0         0       
   0         0         0         0         0         0       
   0         0         0         0         0         0       
   0         0         0         0         0         0       
   0         0         0         0         0         0       
   0         0         0         0         0         0       
   0         0         0         0         0         0       
   0         0         0         0         0         0       
   0         0         0         0         0         0       
   0         0         0         0         0         0       
   0         0         0         0         0         0       
   0         0         0         0         0         0       

CFRC_INT
   0         0         0         0         0         0       
   0         0         0         0         0         0       
   0         0         0         0         0         0       
   0         0         0         0         0         0       
   0         0         0         0         0         0       
   0         0         0         0         0         0       
   0         0         0         0         0         0       
   0         0         0         0         0         0       
   0         0         0         0         0         0       
   0         0         0         0         0         0       
   0         0         0         0         0         0       
   0         0         0         0         0         0       
   0         0         0         0         0         0       
   0         0         0         0         0         0       
   0         0         0         0         0         0       
   0         0         0         0         0         0       
   0         0         0         0         0         0       
   0         0         0         0         0         0       
   0         0         0         0         0         0       
   0         0         0         0         0         0       
   0         0         0         0         0         0       

CFRC_EXT
   0         0         0         0         0         0       
   0         0         0         0         0         0       
   0         0         0         0         0         0       
   0         0         0         0         0         0       
   0         0         0         0         0         0       
   0         0         0         0         0         0       
   0         0         0         0         0         0       
   0         0         0         0         0         0       
   0         0         0         0         0         0       
   0         0         0         0         0         0       
   0         0         0         0         0         0       
   0         0         0         0         0         0       
   0         0         0         0         0         0       
   0         0         0         0         0         0       
   0         0         0         0         0         0       
   0         0         0         0         0         0       
   0         0         0         0         0         0       
   0         0         0         0         0         0       
   0         0         0         0         0         0       
   0         0         0         0         0         0       
   0         0         0         0         0         0       

